p max 28 200
e 1 2 65
e 1 3 52
e 1 8 34
e 1 10 77
e 1 11 69
e 1 13 17
e 1 16 24
e 1 18 62
e 1 19 28
e 1 20 38
e 1 21 42
e 1 24 32
e 1 25 54
e 1 28 21
e 2 8 19
e 2 9 55
e 2 10 41
e 2 11 48
e 2 12 78
e 2 14 63
e 2 15 53
e 2 17 67
e 2 18 6
e 2 19 50
e 2 20 5
e 2 22 43
e 2 23 78
e 2 24 17
e 2 25 32
e 2 27 76
e 3 6 17
e 3 9 8
e 3 13 68
e 3 15 28
e 3 16 75
e 3 17 34
e 3 19 44
e 3 26 53
e 3 27 76
e 3 28 51
e 4 6 77
e 4 8 68
e 4 12 59
e 4 15 8
e 4 17 74
e 4 18 30
e 4 19 78
e 4 21 19
e 4 23 59
e 4 25 19
e 4 27 62
e 4 28 36
e 5 8 52
e 5 14 53
e 5 17 32
e 5 18 42
e 5 19 68
e 5 24 31
e 5 25 61
e 5 26 10
e 5 27 67
e 5 28 16
e 6 11 26
e 6 14 65
e 6 16 58
e 6 20 21
e 6 21 79
e 6 23 24
e 6 24 14
e 6 26 38
e 6 27 76
e 6 28 13
e 7 11 78
e 7 13 56
e 7 14 57
e 7 15 15
e 7 18 5
e 7 19 7
e 7 20 15
e 7 21 26
e 7 23 74
e 7 24 17
e 7 25 80
e 7 26 61
e 7 28 66
e 8 9 27
e 8 11 33
e 8 12 20
e 8 13 62
e 8 15 22
e 8 17 32
e 8 18 61
e 8 19 72
e 8 21 79
e 8 22 21
e 8 27 41
e 9 14 6
e 9 15 28
e 9 17 37
e 9 18 20
e 9 20 59
e 9 21 57
e 9 22 77
e 9 25 30
e 9 26 29
e 10 14 80
e 10 16 35
e 10 17 47
e 10 18 48
e 10 19 5
e 10 21 80
e 10 22 65
e 10 23 53
e 10 26 19
e 10 27 58
e 10 28 70
e 11 13 55
e 11 14 15
e 11 15 57
e 11 17 34
e 11 20 69
e 11 21 59
e 11 24 52
e 11 26 22
e 11 27 36
e 12 14 70
e 12 15 38
e 12 16 76
e 12 18 55
e 12 19 40
e 12 22 71
e 12 23 43
e 12 25 78
e 12 27 70
e 13 17 46
e 13 18 25
e 13 19 32
e 13 21 60
e 13 22 49
e 13 23 36
e 13 28 46
e 14 17 15
e 14 19 9
e 14 20 65
e 14 21 59
e 14 22 30
e 14 23 29
e 14 25 37
e 15 16 58
e 15 18 69
e 15 20 74
e 15 21 23
e 15 23 23
e 15 24 50
e 15 26 32
e 15 27 31
e 16 18 39
e 16 19 42
e 16 22 63
e 16 23 28
e 16 24 26
e 16 25 26
e 16 26 32
e 16 28 48
e 17 20 52
e 17 21 11
e 17 22 79
e 17 23 46
e 17 24 44
e 17 25 70
e 17 27 45
e 17 28 27
e 18 19 19
e 18 20 65
e 18 21 37
e 18 23 58
e 18 25 62
e 18 27 19
e 18 28 37
e 19 20 16
e 19 23 70
e 19 25 66
e 19 26 45
e 19 28 9
e 20 22 56
e 20 23 6
e 20 26 7
e 22 24 14
e 22 25 56
e 22 26 32
e 22 27 59
e 23 24 61
e 23 26 42
e 23 28 80
e 24 25 80
e 24 26 29
e 24 27 45
e 25 28 15
e 26 27 77
e 26 28 26
s 561